111111111111111111111111111111111111111111111111111111111111
100000000000000000000000011111111100000000000000000000000011
100000000000000000000000011111111100000000000000000000000011
100000000000000000000000011111111100000000000000000000000011
100000000000000000000000011111111100000000000000000000000011
100000000000000000000000011111111100000000000000000000000011
100000000000000000000000011111111100000000000000000000000011
100000000011111100000000011111111100000000011111111111111111
100000000111111110000000011111111100000000011111111111111111
100000000111111100000000011111111100000000011111111111111111
100000000111111000000000000000000000000000011111111111111111
100000000000000000000000011111111100000000011111111111111111
100000000000000000000000011111111100000000011111111111111111
100000000000000000000000011111111100000000000000000000000011
100000000000000000000000011111111100000000000000000000000011
100000000000000000000000011111111100000000000000000000000011
100000000000000000000000011111111100000000000000000000000011
100000000000000000000000011111111100000000000000000000000011
100000000000000000000000011111111100000000000000000000000011
100000000000000000000000011111111100000000000000000000000011
100000000000000000000000011111111100000000000000000000000011
100000000000000000000000011111111100000000000000000000000011
100000000000000000000000011111111100000000000000000000000011
100000000000000000000000011111111100000000000000000000000011
100000000000000000000000011111111100000000000000000000000011
100000000000000000000000011111111100000000000000000000000011
100000000000000000000000011111111100000000000000000000000011
100000000000000000000000011111111100000000000000000000000011
100000000000000000000000011111111100000000000000000000000011
100000000000000000000000011111111100000000000000000000000011
100000000000000000000000011111111100000000000000000000000011
100000000000000000000000011111111100000000000000000000000011
100000000000000000000000011111111100000000000000000000000011
100000000000000000000000011111111100000000000000000000000011
100000000000000000000000011111111100000000000000000000000011
100000000000000000000000011111111100000000000000000000000011
100000000000000000000000011111111100000000000000000000000011
100000000000000000000000011111111100000000000000000000000011
100000111111111111100000011111111100000000000000000000000011
111111111111111111111111111111111111111111111111111111111111